|                         |   mean radius |   mean texture |   mean smoothness |   mean compactness |   mean concavity |   mean symmetry |   mean fractal dimension |   radius error |   texture error |   smoothness error |   compactness error |   concavity error |   concave points error |   symmetry error |   fractal dimension error |   worst smoothness |   worst compactness |   worst concavity |   worst symmetry |   worst fractal dimension |
|:------------------------|--------------:|---------------:|------------------:|-------------------:|-----------------:|----------------:|-------------------------:|---------------:|----------------:|-------------------:|--------------------:|------------------:|-----------------------:|-----------------:|--------------------------:|-------------------:|--------------------:|------------------:|-----------------:|--------------------------:|
| mean radius             |     0.940149  |      0.301191  |         0.172518  |          0.486476  |        0.640525  |       0.147196  |               -0.277568  |      0.630797  |      -0.0960641 |         -0.206833  |            0.198867 |          0.181859 |               0.351029 |      -0.0972123  |                -0.0318374 |         0.127777   |           0.40131   |         0.5028    |        0.16719   |                 0.0253603 |
| mean texture            |     0.301191  |      0.901396  |        -0.0255776 |          0.236396  |        0.299683  |       0.0814196 |               -0.0520099 |      0.266014  |       0.335883  |          0.01413   |            0.218719 |          0.180147 |               0.193939 |       0.0346905  |                 0.0929972 |         0.0528401  |           0.264589  |         0.292299  |        0.100786  |                 0.117936  |
| mean smoothness         |     0.172518  |     -0.0255776 |         0.949844  |          0.638571  |        0.50824   |       0.540955  |                0.555492  |      0.285144  |       0.0505598 |          0.288414  |            0.313597 |          0.247893 |               0.368198 |       0.195492   |                 0.27266   |         0.757594   |           0.46545   |         0.430356  |        0.394127  |                 0.483214  |
| mean compactness        |     0.486476  |      0.236396  |         0.638571  |          0.978459  |        0.861116  |       0.590347  |                0.559711  |      0.48162   |       0.0555562 |          0.13528   |            0.730227 |          0.562525 |               0.629771 |       0.233922   |                 0.504849  |         0.545245   |           0.846834  |         0.795909  |        0.498469  |                 0.675003  |
| mean concavity          |     0.640525  |      0.299683  |         0.50824   |          0.861116  |        0.970864  |       0.494642  |                0.3452    |      0.601428  |       0.0855474 |          0.101712  |            0.659895 |          0.678273 |               0.661566 |       0.184593   |                 0.448601  |         0.439384   |           0.739545  |         0.862228  |        0.407976  |                 0.514969  |
| mean symmetry           |     0.147196  |      0.0814196 |         0.540955  |          0.590347  |        0.494642  |       0.943625  |                0.471329  |      0.291697  |       0.122275  |          0.18855   |            0.420517 |          0.347067 |               0.393406 |       0.390186   |                 0.338527  |         0.421899   |           0.467372  |         0.433004  |        0.640825  |                 0.4388    |
| mean fractal dimension  |    -0.277568  |     -0.0520099 |         0.555492  |          0.559711  |        0.3452    |       0.471329  |                0.960105  |      0.0233412 |       0.170822  |          0.377065  |            0.555322 |          0.44648  |               0.345253 |       0.345252   |                 0.671144  |         0.472282   |           0.453306  |         0.348796  |        0.328787  |                 0.739201  |
| radius error            |     0.630797  |      0.266014  |         0.285144  |          0.48162   |        0.601428  |       0.291697  |                0.0233412 |      0.941102  |       0.194202  |          0.144837  |            0.349474 |          0.32095  |               0.479815 |       0.222363   |                 0.231105  |         0.143577   |           0.294594  |         0.375616  |        0.105129  |                 0.0803043 |
| texture error           |    -0.0960641 |      0.335883  |         0.0505598 |          0.0555562 |        0.0855474 |       0.122275  |                0.170822  |      0.194202  |       0.939744  |          0.360044  |            0.252149 |          0.222205 |               0.241973 |       0.394187   |                 0.297842  |        -0.0911267  |          -0.0722519 |        -0.0466171 |       -0.120794  |                -0.0260769 |
| smoothness error        |    -0.206833  |      0.01413   |         0.288414  |          0.13528   |        0.101712  |       0.18855   |                0.377065  |      0.144837  |       0.360044  |          0.928883  |            0.336592 |          0.26947  |               0.311541 |       0.402676   |                 0.41046   |         0.282191   |          -0.0298972 |        -0.0342346 |       -0.0713833 |                 0.110568  |
| compactness error       |     0.198867  |      0.218719  |         0.313597  |          0.730227  |        0.659895  |       0.420517  |                0.555322  |      0.349474  |       0.252149  |          0.336592  |            0.989309 |          0.786319 |               0.728422 |       0.396708   |                 0.79219   |         0.228077   |           0.67518   |         0.631802  |        0.281606  |                 0.588785  |
| concavity error         |     0.181859  |      0.180147  |         0.247893  |          0.562525  |        0.678273  |       0.347067  |                0.44648   |      0.32095   |       0.222205  |          0.26947   |            0.786319 |          0.978262 |               0.748386 |       0.313623   |                 0.712077  |         0.177718   |           0.484534  |         0.655489  |        0.210598  |                 0.442898  |
| concave points error    |     0.351029  |      0.193939  |         0.368198  |          0.629771  |        0.661566  |       0.393406  |                0.345253  |      0.479815  |       0.241973  |          0.311541  |            0.728422 |          0.748386 |               0.965475 |       0.308422   |                 0.595914  |         0.219342   |           0.459011  |         0.545053  |        0.16346   |                 0.325676  |
| symmetry error          |    -0.0972123 |      0.0346905 |         0.195492  |          0.233922  |        0.184593  |       0.390186  |                0.345252  |      0.222363  |       0.394187  |          0.402676  |            0.396708 |          0.313623 |               0.308422 |       0.915915   |                 0.37437   |         0.00700839 |           0.0813572 |         0.0599988 |        0.340112  |                 0.105113  |
| fractal dimension error |    -0.0318374 |      0.0929972 |         0.27266   |          0.504849  |        0.448601  |       0.338527  |                0.671144  |      0.231105  |       0.297842  |          0.41046   |            0.79219  |          0.712077 |               0.595914 |       0.37437    |                 0.980148  |         0.165975   |           0.39519   |         0.382732  |        0.129124  |                 0.586557  |
| worst smoothness        |     0.127777  |      0.0528401 |         0.757594  |          0.545245  |        0.439384  |       0.421899  |                0.472282  |      0.143577  |      -0.0911267 |          0.282191  |            0.228077 |          0.177718 |               0.219342 |       0.00700839 |                 0.165975  |         0.9403     |           0.548232  |         0.505821  |        0.493146  |                 0.584138  |
| worst compactness       |     0.40131   |      0.264589  |         0.46545   |          0.846834  |        0.739545  |       0.467372  |                0.453306  |      0.294594  |      -0.0722519 |         -0.0298972 |            0.67518  |          0.484534 |               0.459011 |       0.0813572  |                 0.39519   |         0.548232   |           0.967179  |         0.863162  |        0.590799  |                 0.782056  |
| worst concavity         |     0.5028    |      0.292299  |         0.430356  |          0.795909  |        0.862228  |       0.433004  |                0.348796  |      0.375616  |      -0.0466171 |         -0.0342346 |            0.631802 |          0.655489 |               0.545053 |       0.0599988  |                 0.382732  |         0.505821   |           0.863162  |         0.970235  |        0.519766  |                 0.667441  |
| worst symmetry          |     0.16719   |      0.100786  |         0.394127  |          0.498469  |        0.407976  |       0.640825  |                0.328787  |      0.105129  |      -0.120794  |         -0.0713833 |            0.281606 |          0.210598 |               0.16346  |       0.340112   |                 0.129124  |         0.493146   |           0.590799  |         0.519766  |        0.916234  |                 0.522218  |
| worst fractal dimension |     0.0253603 |      0.117936  |         0.483214  |          0.675003  |        0.514969  |       0.4388    |                0.739201  |      0.0803043 |      -0.0260769 |          0.110568  |            0.588785 |          0.442898 |               0.325676 |       0.105113   |                 0.586557  |         0.584138   |           0.782056  |         0.667441  |        0.522218  |                 0.957983  |