# Метод

Метод главных компонент (_англ._ Principal Component Analysis ) применяется для уменьшения размерности данных.

Реализация - https://github.com/ujnomw/neural-networks/blob/master/pca.ipynb

# Данные

Реализованный метод тестировался на трех различных датасетах.

| Датасет             | Количество признаков |
| ------------------- | -------------------- |
| Breast Cancer       | 30                   |
| MNIST               | 64                   |
| Custom (make_blobs) | 1000                 |

# Результаты

## Breast Cancer

### Матрица кореляции

![Cov Matrix](breast-cancer-covmat.png)

### Список признаков

'mean radius', 'mean texture', 'mean perimeter', 'mean area',
'mean smoothness', 'mean compactness', 'mean concavity',
'mean concave points', 'mean symmetry', 'mean fractal dimension',
'radius error', 'texture error', 'perimeter error', 'area error',
'smoothness error', 'compactness error', 'concavity error',
'concave points error', 'symmetry error',
'fractal dimension error', 'worst radius', 'worst texture',
'worst perimeter', 'worst area', 'worst smoothness',
'worst compactness', 'worst concavity', 'worst concave points',
'worst symmetry', 'worst fractal dimension'

### Отобранные компоненты

| Критерий выбора  | Количество компонент |
| ---------------- | -------------------- |
| Кайзера          | 6                    |
| Сломанной трости | 3                    |
| Каменистой осыпи | 3                    |

### Матрица факторной нагрузки

|                         |       PC1 |        PC2 |        PC3 |        PC4 |        PC5 |          PC6 |
| :---------------------- | --------: | ---------: | ---------: | ---------: | ---------: | -----------: |
| mean radius             |  0.798469 |  -0.558394 | -0.0143338 |  0.0583282 |  0.0485615 |    0.0206099 |
| mean texture            |  0.378346 |  -0.142564 |   0.108454 |  -0.849451 | -0.0635753 |   -0.0353892 |
| mean perimeter          |  0.829965 |    -0.5138 | -0.0156493 |  0.0591369 |  0.0480325 |    0.0190347 |
| mean area               |  0.806101 |  -0.551755 |  0.0482195 |  0.0752663 |  0.0132773 |   -0.0020768 |
| mean smoothness         |   0.52011 |   0.444392 |  -0.175226 |   0.224505 |  -0.469197 |    -0.314945 |
| mean compactness        |  0.872817 |    0.36268 |  -0.124485 |  0.0447856 |  0.0150415 |   -0.0155403 |
| mean concavity          |  0.942542 |    0.14366 | 0.00459327 |  0.0269361 |   0.111006 |   -0.0102763 |
| mean concave points     |   0.95149 | -0.0830163 | -0.0429506 |  0.0920316 | -0.0563684 |   -0.0572427 |
| mean symmetry           |  0.503978 |   0.454506 | -0.0676092 |  0.0945516 |  -0.393183 |      0.39202 |
| mean fractal dimension  |  0.234772 |   0.875292 | -0.0379279 |  0.0684389 | -0.0570924 |    -0.131345 |
| radius error            |  0.751328 |  -0.252033 |    0.45109 |   0.137959 |  -0.198501 |   -0.0281571 |
| texture error           | 0.0635705 |   0.214849 |   0.629441 |  -0.506889 |  -0.246301 |   -0.0316153 |
| perimeter error         |  0.770833 |  -0.213602 |   0.448005 |   0.125354 |  -0.155492 |   0.00199151 |
| area error              |  0.739987 |  -0.363638 |   0.362924 |   0.152417 |  -0.163953 |   -0.0471411 |
| smoothness error        | 0.0530049 |    0.48813 |   0.518896 |  0.0629136 |  -0.298241 |    -0.377128 |
| compactness error       |  0.621527 |   0.555669 |   0.260053 | -0.0386931 |   0.359803 |    0.0761011 |
| concavity error         |  0.560234 |   0.470883 |   0.296486 | 0.00185495 |   0.454923 |    0.0619644 |
| concave points error    |  0.669033 |   0.311176 |   0.377459 |   0.104331 |    0.25131 |   -0.0343398 |
| symmetry error          |  0.155017 |   0.438984 |   0.484865 |  0.0620813 |  -0.324977 |     0.539155 |
| fractal dimension error |  0.374128 |   0.668791 |   0.355358 |  0.0215581 |   0.338379 |   -0.0585022 |
| worst radius            |  0.831641 |  -0.524987 | -0.0798189 |  0.0217166 | -0.0056632 | -0.000318999 |
| worst texture           |  0.381062 |  -0.108565 | -0.0710668 |  -0.891367 |   -0.11937 |   -0.0549971 |
| worst perimeter         |  0.863167 |  -0.477261 | -0.0815655 |  0.0194425 | 0.00957975 |   0.00934978 |
| worst area              |  0.820238 |  -0.523759 | -0.0199977 |  0.0364752 | -0.0352018 |   -0.0276742 |
| worst smoothness        |   0.46672 |   0.411421 |  -0.436499 |  0.0248647 |  -0.416951 |    -0.406094 |
| worst compactness       |  0.766346 |   0.342865 |  -0.396643 |  -0.128644 |   0.156538 |    0.0524651 |
| worst concavity         |  0.834453 |   0.233914 |  -0.290763 |  -0.104167 |   0.242276 |    0.0312105 |
| worst concave points    |  0.915132 | -0.0197163 |  -0.286204 |  0.0084614 |  0.0556885 |   -0.0339536 |
| worst symmetry          |  0.448307 |   0.338783 |  -0.455846 | -0.0510624 |  -0.314297 |     0.548702 |
| worst fractal dimension |  0.480695 |   0.657443 |  -0.391125 |  -0.108537 |   0.121349 |   -0.0882277 |

### Ранжированный список признаков с суммарной нагрузкой

Для 6 компонент:

|                         | Суммарная нагрузка |
| :---------------------- | -----------------: |
| concavity error         |           0.938903 |
| compactness error       |           0.879585 |
| fractal dimension error |           0.819571 |
| symmetry error          |           0.796381 |
| concave points error    |           0.776787 |
| mean concavity          |           0.417454 |
| mean symmetry           |           0.405918 |
| perimeter error         |           0.358327 |
| mean compactness        |           0.346453 |
| worst concavity         |           0.296621 |
| mean fractal dimension  |           0.293096 |
| radius error            |            0.28679 |
| worst symmetry          |           0.211593 |
| area error              |            0.20435 |
| worst compactness       |           0.195795 |
| mean concave points     |           0.169948 |
| worst fractal dimension |           0.111478 |
| mean perimeter          |          0.0997078 |
| worst concave points    |          0.0907503 |
| mean area               |           0.080495 |
| mean radius             |          0.0744501 |
| worst perimeter         |          0.0179727 |
| smoothness error        |          -0.002518 |
| worst radius            |         -0.0286567 |
| worst area              |          -0.033044 |
| texture error           |          -0.098212 |
| mean smoothness         |          -0.267669 |
| mean texture            |          -0.576129 |
| worst smoothness        |          -0.635579 |
| worst texture           |          -0.758995 |

Для 3 компонент:

|                         | Суммарная нагрузка |
| :---------------------- | -----------------: |
| fractal dimension error |           0.594164 |
| compactness error       |           0.557889 |
| concave points error    |           0.538396 |
| smoothness error        |           0.527801 |
| concavity error         |           0.527261 |
| symmetry error          |            0.51493 |
| texture error           |           0.482042 |
| mean fractal dimension  |           0.408364 |
| perimeter error         |           0.388514 |
| radius error            |           0.368908 |
| mean concavity          |             0.3213 |
| mean compactness        |           0.317085 |
| mean symmetry           |           0.288277 |
| area error              |           0.266584 |
| mean smoothness         |           0.224411 |
| mean concave points     |           0.200523 |
| worst fractal dimension |           0.174332 |
| worst concavity         |           0.153675 |
| worst compactness       |           0.117614 |
| mean texture            |           0.108568 |
| worst concave points    |          0.0722842 |
| worst smoothness        |          0.0404592 |
| mean area               |          0.0186179 |
| worst texture           |          0.0167041 |
| mean perimeter          |         0.00304179 |
| worst area              |        -0.00638363 |
| worst symmetry          |        -0.00652495 |
| worst perimeter         |         -0.0117853 |
| mean radius             |         -0.0234859 |
| worst radius            |         -0.0393768 |

### Анализ остатков: матрица остатков корреляции

Для 6 компонент:

|                         | mean radius | mean texture | mean perimeter |  mean area | mean smoothness | mean compactness | mean concavity | mean concave points | mean symmetry | mean fractal dimension | radius error | texture error | perimeter error | area error | smoothness error | compactness error | concavity error | concave points error | symmetry error | fractal dimension error | worst radius | worst texture | worst perimeter | worst area | worst smoothness | worst compactness | worst concavity | worst concave points | worst symmetry | worst fractal dimension |
| :---------------------- | ----------: | -----------: | -------------: | ---------: | --------------: | ---------------: | -------------: | ------------------: | ------------: | ---------------------: | -----------: | ------------: | --------------: | ---------: | ---------------: | ----------------: | --------------: | -------------------: | -------------: | ----------------------: | -----------: | ------------: | --------------: | ---------: | ---------------: | ----------------: | --------------: | -------------------: | -------------: | ----------------------: |
| mean radius             |    0.980711 |     0.321187 |       0.979123 |   0.968348 |        0.175014 |         0.504077 |       0.669721 |            0.811294 |      0.152214 |              -0.296782 |     0.667953 |    -0.0891115 |        0.663437 |   0.722259 |        -0.210877 |          0.210086 |        0.196779 |             0.375233 |     -0.0955891 |              -0.0336289 |     0.950735 |      0.295005 |        0.946886 |    0.92262 |         0.123953 |          0.411449 |        0.521928 |             0.733827 |       0.165838 |               0.0142915 |
| mean texture            |    0.321187 |     0.935696 |       0.326574 |   0.318925 |     -0.00391046 |         0.232131 |       0.293357 |            0.292332 |     0.0710207 |              -0.074215 |     0.271967 |      0.339317 |        0.275941 |   0.259075 |       0.00571037 |          0.172569 |        0.126429 |              0.15474 |    -0.00259362 |                0.041409 |     0.348816 |      0.848498 |        0.353449 |   0.340345 |        0.0891455 |           0.26546 |        0.287646 |             0.291943 |       0.100196 |                0.111958 |
| mean perimeter          |    0.979123 |     0.326574 |       0.981768 |   0.968044 |        0.210462 |         0.554272 |       0.708845 |            0.839585 |      0.187017 |              -0.247821 |     0.680941 |    -0.0789094 |        0.682727 |   0.731783 |        -0.191801 |          0.254556 |        0.230579 |              0.40622 |     -0.0727874 |               0.0030588 |     0.951066 |       0.30044 |        0.952493 |   0.923477 |         0.153366 |          0.453098 |        0.558454 |             0.760543 |       0.190564 |               0.0571165 |
| mean area               |    0.968348 |     0.318925 |       0.968044 |   0.980772 |        0.178462 |         0.496808 |       0.679268 |            0.811557 |      0.155619 |              -0.269068 |     0.718361 |    -0.0611918 |        0.713163 |   0.783889 |        -0.160171 |          0.217393 |        0.211133 |             0.370479 |      -0.065289 |              -0.0112535 |     0.944243 |      0.286418 |        0.941279 |   0.940576 |         0.126176 |          0.391071 |        0.510125 |             0.712873 |       0.148154 |               0.0128777 |
| mean smoothness         |    0.175014 |  -0.00391046 |       0.210462 |   0.178462 |        0.942839 |         0.642201 |       0.514789 |            0.538209 |      0.539207 |               0.555622 |     0.287227 |     0.0692017 |        0.284714 |   0.234333 |         0.293392 |          0.326645 |        0.261448 |             0.379149 |       0.200196 |                0.283545 |     0.213612 |     0.0512636 |        0.239383 |   0.204614 |          0.75153 |           0.46983 |        0.437013 |             0.493933 |       0.390545 |                0.485094 |
| mean compactness        |    0.504077 |     0.232131 |       0.554272 |   0.496808 |        0.642201 |         0.988328 |       0.874993 |            0.822295 |      0.596695 |               0.554656 |     0.498655 |     0.0497916 |        0.550288 |   0.456423 |         0.132469 |          0.736965 |         0.57096 |             0.641939 |       0.237933 |                0.506529 |     0.530902 |      0.239659 |        0.585404 |   0.505673 |         0.543593 |           0.85211 |        0.804758 |              0.80355 |       0.501566 |                0.671801 |
| mean concavity          |    0.669721 |     0.293357 |       0.708845 |   0.679268 |        0.514789 |         0.874993 |       0.991907 |             0.91274 |      0.503482 |               0.334088 |     0.629752 |      0.077431 |        0.658302 |   0.614297 |        0.0985197 |          0.667405 |         0.68913 |             0.680382 |       0.189954 |                0.448003 |     0.679955 |      0.288948 |        0.721136 |   0.668069 |         0.437071 |          0.744899 |        0.873959 |               0.8505 |       0.410515 |                0.505905 |
| mean concave points     |    0.811294 |     0.292332 |       0.839585 |   0.811557 |        0.538209 |         0.822295 |        0.91274 |            0.986962 |      0.459671 |               0.165679 |     0.687895 |     0.0253147 |        0.701442 |   0.679154 |         0.023741 |          0.493326 |        0.443194 |             0.614027 |       0.102876 |                0.261914 |     0.817707 |      0.289918 |        0.843522 |   0.796709 |         0.436223 |          0.661327 |        0.746181 |             0.898235 |       0.374314 |                0.364791 |
| mean symmetry           |    0.152214 |    0.0710207 |       0.187017 |   0.155619 |        0.539207 |         0.596695 |       0.503482 |            0.459671 |      0.950831 |                0.47396 |     0.299341 |      0.121211 |        0.310279 |   0.222857 |         0.191566 |          0.434547 |        0.363228 |             0.409476 |       0.403837 |                0.351362 |     0.186899 |     0.0854215 |        0.220142 |    0.17887 |         0.412876 |          0.468788 |        0.437559 |             0.429064 |       0.642893 |                0.437228 |
| mean fractal dimension  |   -0.296782 |    -0.074215 |      -0.247821 |  -0.269068 |        0.555622 |         0.554656 |       0.334088 |            0.165679 |       0.47396 |               0.973099 |   0.00627669 |      0.159481 |       0.0465465 | -0.0820122 |          0.37818 |          0.555267 |        0.445429 |             0.338758 |       0.349707 |                 0.67737 |    -0.241644 |    -0.0528476 |       -0.193813 |  -0.220548 |         0.472295 |           0.45033 |        0.341904 |             0.172717 |       0.333562 |                0.746474 |
| radius error            |    0.667953 |     0.271967 |       0.680941 |   0.718361 |        0.287227 |         0.498655 |       0.629752 |            0.687895 |      0.299341 |             0.00627669 |     0.972551 |       0.19473 |        0.947548 |   0.926008 |         0.142114 |          0.364223 |        0.341476 |             0.509238 |       0.229074 |                0.233881 |     0.704128 |      0.194164 |        0.709765 |   0.737818 |          0.13615 |          0.302329 |        0.393444 |             0.532565 |       0.104943 |               0.0676114 |
| texture error           |  -0.0891115 |     0.339317 |     -0.0789094 | -0.0611918 |       0.0692017 |        0.0497916 |       0.077431 |           0.0253147 |      0.121211 |               0.159481 |      0.19473 |      0.938922 |        0.205063 |  0.0995948 |         0.363428 |          0.222001 |        0.188949 |             0.220975 |       0.380957 |                0.267175 |    -0.104133 |      0.366439 |      -0.0947432 | -0.0785088 |       -0.0690758 |        -0.0805011 |      -0.0575757 |            -0.106192 |      -0.120901 |              -0.0364596 |
| perimeter error         |    0.663437 |     0.275941 |       0.682727 |   0.713163 |        0.284714 |         0.550288 |       0.658302 |            0.701442 |      0.310279 |              0.0465465 |     0.947548 |      0.205063 |        0.976776 |   0.913931 |         0.131598 |          0.423507 |        0.370482 |             0.552545 |       0.255491 |                0.249877 |     0.686668 |      0.197718 |        0.711458 |   0.717696 |          0.12619 |          0.355695 |         0.43036 |             0.556244 |       0.119011 |                0.102371 |
| area error              |    0.722259 |     0.259075 |       0.731783 |   0.783889 |        0.234333 |         0.456423 |       0.614297 |            0.679154 |      0.222857 |             -0.0820122 |     0.926008 |     0.0995948 |        0.913931 |   0.974987 |        0.0577328 |          0.293152 |        0.279405 |             0.411693 |       0.127975 |                 0.13404 |     0.744168 |      0.198772 |        0.749047 |   0.795846 |         0.120736 |           0.29663 |         0.39563 |             0.537371 |      0.0855758 |               0.0348148 |
| smoothness error        |   -0.210877 |   0.00571037 |      -0.191801 |  -0.160171 |        0.293392 |         0.132469 |      0.0985197 |            0.023741 |      0.191566 |                0.37818 |     0.142114 |      0.363428 |        0.131598 |  0.0577328 |         0.939596 |           0.33563 |        0.269952 |             0.315477 |       0.410194 |                0.411679 |    -0.220195 |    -0.0727308 |       -0.206399 |  -0.176692 |         0.283154 |        -0.0378311 |      -0.0410501 |           -0.0922237 |     -0.0737575 |                0.103957 |
| compactness error       |    0.210086 |     0.172569 |       0.254556 |   0.217393 |        0.326645 |         0.736965 |       0.667405 |            0.493326 |      0.434547 |               0.555267 |     0.364223 |      0.222001 |        0.423507 |   0.293152 |          0.33563 |          0.989335 |        0.789739 |             0.738787 |       0.407435 |                0.791711 |     0.208397 |      0.123283 |        0.263784 |   0.203692 |         0.228196 |          0.671199 |        0.630615 |             0.481861 |       0.288768 |                0.580582 |
| concavity error         |    0.196779 |     0.126429 |       0.230579 |   0.211133 |        0.261448 |          0.57096 |        0.68913 |            0.443194 |      0.363228 |               0.445429 |     0.341476 |      0.188949 |        0.370482 |   0.279405 |         0.269952 |          0.789739 |        0.986725 |             0.765259 |       0.328522 |                0.714595 |     0.189992 |     0.0840464 |        0.229343 |    0.19203 |         0.174454 |          0.478917 |        0.654584 |             0.439997 |       0.216663 |                0.431139 |
| concave points error    |    0.375233 |      0.15474 |        0.40622 |   0.370479 |        0.379149 |         0.641939 |       0.680382 |            0.614027 |      0.409476 |               0.338758 |     0.509238 |      0.220975 |        0.552545 |   0.411693 |         0.315477 |          0.738787 |        0.765259 |             0.992715 |       0.326932 |                0.601918 |     0.357459 |      0.079189 |        0.394427 |   0.340552 |         0.211882 |            0.4548 |        0.548971 |             0.602549 |       0.166048 |                0.309484 |
| symmetry error          |  -0.0955891 |  -0.00259362 |     -0.0727874 |  -0.065289 |        0.200196 |         0.237933 |       0.189954 |            0.102876 |      0.403837 |               0.349707 |     0.229074 |      0.380957 |        0.255491 |   0.127975 |         0.410194 |          0.407435 |        0.328522 |             0.326932 |       0.937879 |                0.386503 |    -0.120549 |    -0.0887492 |      -0.0958968 |  -0.103719 |      -0.00234297 |         0.0744061 |       0.0569037 |           -0.0148894 |       0.344135 |               0.0966884 |
| fractal dimension error |  -0.0336289 |     0.041409 |      0.0030588 | -0.0112535 |        0.283545 |         0.506529 |       0.448003 |            0.261914 |      0.351362 |                0.67737 |     0.233881 |      0.267175 |        0.249877 |    0.13404 |         0.411679 |          0.791711 |        0.714595 |             0.601918 |       0.386503 |                0.982931 |   -0.0285056 |    -0.0154463 |      0.00754058 | -0.0144052 |          0.16532 |            0.3882 |        0.376488 |             0.217955 |       0.136375 |                0.581544 |
| worst radius            |    0.950735 |     0.348816 |       0.951066 |   0.944243 |        0.213612 |         0.530902 |       0.679955 |            0.817707 |      0.186899 |              -0.241644 |     0.704128 |     -0.104133 |        0.686668 |   0.744168 |        -0.220195 |          0.208397 |        0.189992 |             0.357459 |      -0.120549 |              -0.0285056 |      0.98122 |      0.355981 |        0.975364 |    0.96566 |         0.216475 |          0.471353 |         0.56733 |              0.77532 |       0.241738 |               0.0977527 |
| worst texture           |    0.295005 |     0.848498 |        0.30044 |   0.286418 |       0.0512636 |         0.239659 |       0.288948 |            0.289918 |     0.0854215 |             -0.0528476 |     0.194164 |      0.366439 |        0.197718 |   0.198772 |       -0.0727308 |          0.123283 |       0.0840464 |             0.079189 |     -0.0887492 |              -0.0154463 |     0.355981 |      0.935694 |        0.360084 |    0.34301 |         0.231116 |          0.342614 |        0.350583 |              0.35259 |       0.220371 |                0.205669 |
| worst perimeter         |    0.946886 |     0.353449 |       0.952493 |   0.941279 |        0.239383 |         0.585404 |       0.721136 |            0.843522 |      0.220142 |              -0.193813 |     0.709765 |    -0.0947432 |        0.711458 |   0.749047 |        -0.206399 |          0.263784 |        0.229343 |             0.394427 |     -0.0958968 |              0.00754058 |     0.975364 |      0.360084 |        0.982046 |   0.959765 |         0.236183 |          0.523951 |        0.610894 |             0.803927 |       0.266931 |                0.141986 |
| worst area              |     0.92262 |     0.340345 |       0.923477 |   0.940576 |        0.204614 |         0.505673 |       0.668069 |            0.796709 |       0.17887 |              -0.220548 |     0.737818 |    -0.0785088 |        0.717696 |   0.795846 |        -0.176692 |          0.203692 |         0.19203 |             0.340552 |      -0.103719 |              -0.0144052 |      0.96566 |       0.34301 |        0.959765 |   0.981621 |         0.207673 |          0.436521 |        0.539116 |             0.736634 |       0.210691 |               0.0857753 |
| worst smoothness        |    0.123953 |    0.0891455 |       0.153366 |   0.126176 |         0.75153 |         0.543593 |       0.437071 |            0.436223 |      0.412876 |               0.472295 |      0.13615 |    -0.0690758 |         0.12619 |   0.120736 |         0.283154 |          0.228196 |        0.174454 |             0.211882 |    -0.00234297 |                 0.16532 |     0.216475 |      0.231116 |        0.236183 |   0.207673 |         0.944131 |          0.554197 |        0.509519 |             0.532256 |       0.489199 |                0.591867 |
| worst compactness       |    0.411449 |      0.26546 |       0.453098 |   0.391071 |         0.46983 |          0.85211 |       0.744899 |            0.661327 |      0.468788 |                0.45033 |     0.302329 |    -0.0805011 |        0.355695 |    0.29663 |       -0.0378311 |          0.671199 |        0.478917 |               0.4548 |      0.0744061 |                  0.3882 |     0.471353 |      0.342614 |        0.523951 |   0.436521 |         0.554197 |           0.97385 |        0.868957 |             0.784084 |       0.595389 |                0.785231 |
| worst concavity         |    0.521928 |     0.287646 |       0.558454 |   0.510125 |        0.437013 |         0.804758 |       0.873959 |            0.746181 |      0.437559 |               0.341904 |     0.393444 |    -0.0575757 |         0.43036 |    0.39563 |       -0.0410501 |          0.630615 |        0.654584 |             0.548971 |      0.0569037 |                0.376488 |      0.56733 |      0.350583 |        0.610894 |   0.539116 |         0.509519 |          0.868957 |        0.977955 |             0.839254 |       0.523608 |                0.665096 |
| worst concave points    |    0.733827 |     0.291943 |       0.760543 |   0.712873 |        0.493933 |          0.80355 |         0.8505 |            0.898235 |      0.429064 |               0.172717 |     0.532565 |     -0.106192 |        0.556244 |   0.537371 |       -0.0922237 |          0.481861 |        0.439997 |             0.602549 |     -0.0148894 |                0.217955 |      0.77532 |       0.35259 |        0.803927 |   0.736634 |         0.532256 |          0.784084 |        0.839254 |             0.983056 |       0.494121 |                0.497041 |
| worst symmetry          |    0.165838 |     0.100196 |       0.190564 |   0.148154 |        0.390545 |         0.501566 |       0.410515 |            0.374314 |      0.642893 |               0.333562 |     0.104943 |     -0.120901 |        0.119011 |  0.0855758 |       -0.0737575 |          0.288768 |        0.216663 |             0.166048 |       0.344135 |                0.136375 |     0.241738 |      0.220371 |        0.266931 |   0.210691 |         0.489199 |          0.595389 |        0.523608 |             0.494121 |       0.919473 |                0.527962 |
| worst fractal dimension |   0.0142915 |     0.111958 |      0.0571165 |  0.0128777 |        0.485094 |         0.671801 |       0.505905 |            0.364791 |      0.437228 |               0.746474 |    0.0676114 |    -0.0364596 |        0.102371 |  0.0348148 |         0.103957 |          0.580582 |        0.431139 |             0.309484 |      0.0966884 |                0.581544 |    0.0977527 |      0.205669 |        0.141986 |  0.0857753 |         0.591867 |          0.785231 |        0.665096 |             0.497041 |       0.527962 |                0.968443 |

Для 3 компонент:

|                         | mean radius | mean texture | mean perimeter |    mean area | mean smoothness | mean compactness | mean concavity | mean concave points | mean symmetry | mean fractal dimension | radius error | texture error | perimeter error | area error | smoothness error | compactness error | concavity error | concave points error | symmetry error | fractal dimension error | worst radius | worst texture | worst perimeter |  worst area | worst smoothness | worst compactness | worst concavity | worst concave points | worst symmetry | worst fractal dimension |
| :---------------------- | ----------: | -----------: | -------------: | -----------: | --------------: | ---------------: | -------------: | ------------------: | ------------: | ---------------------: | -----------: | ------------: | --------------: | ---------: | ---------------: | ----------------: | --------------: | -------------------: | -------------: | ----------------------: | -----------: | ------------: | --------------: | ----------: | ---------------: | ----------------: | --------------: | -------------------: | -------------: | ----------------------: |
| mean radius             |    0.950512 |     0.305868 |       0.949495 |     0.937937 |        0.175714 |         0.497028 |       0.655462 |            0.790467 |      0.153836 |              -0.278056 |       0.6451 |    -0.0891639 |        0.641385 |   0.697025 |        -0.201427 |            0.2134 |        0.199483 |             0.370845 |     -0.0884436 |              -0.0226154 |     0.920534 |      0.280534 |        0.917403 |    0.892453 |         0.124703 |          0.406518 |        0.512915 |              0.71609 |       0.166248 |               0.0231741 |
| mean texture            |    0.305868 |      0.99448 |       0.312244 |     0.302702 |       -0.017842 |         0.237372 |       0.297071 |            0.283868 |     0.0765585 |             -0.0608486 |     0.260531 |      0.385451 |        0.266963 |   0.243087 |        0.0115573 |          0.195522 |        0.145312 |             0.161009 |      0.0124311 |               0.0615205 |     0.335626 |      0.908542 |        0.341784 |    0.326209 |        0.0852647 |          0.281457 |        0.300981 |             0.289384 |       0.111693 |                0.131468 |
| mean perimeter          |    0.949495 |     0.312244 |       0.952681 |     0.938383 |        0.211073 |         0.546851 |       0.694647 |             0.81904 |      0.188069 |              -0.229718 |      0.65963 |    -0.0772265 |        0.662127 |    0.70797 |        -0.181003 |          0.257841 |        0.233317 |             0.402407 |     -0.0652227 |               0.0142193 |     0.921348 |      0.286606 |        0.923436 |    0.893965 |         0.153606 |          0.447084 |        0.548657 |             0.742411 |       0.189464 |               0.0647437 |
| mean area               |    0.937937 |     0.302702 |       0.938383 |     0.950289 |         0.18528 |         0.492535 |       0.666547 |            0.792867 |      0.159757 |              -0.246776 |     0.696189 |    -0.0618067 |          0.6916 |    0.75921 |         -0.14785 |          0.220526 |        0.212943 |             0.366213 |      -0.058622 |            -8.55024e-05 |     0.914405 |      0.271857 |        0.912227 |    0.910862 |         0.133363 |          0.388226 |        0.502509 |              0.69728 |       0.150508 |               0.0248761 |
| mean smoothness         |    0.175714 |    -0.017842 |       0.211073 |      0.18528 |        0.977231 |         0.637085 |       0.511041 |            0.545475 |      0.539877 |               0.561217 |     0.324933 |      0.096476 |        0.318307 |   0.267929 |         0.348746 |          0.314638 |        0.248454 |             0.387994 |       0.215298 |                0.283981 |      0.21375 |     0.0313373 |         0.23803 |    0.210603 |         0.769551 |          0.437048 |        0.406989 |             0.480641 |       0.358646 |                0.459559 |
| mean compactness        |    0.497028 |     0.237372 |       0.546851 |     0.492535 |        0.637085 |         0.975609 |       0.866272 |             0.81368 |      0.586459 |               0.551568 |     0.511164 |     0.0767208 |        0.561792 |    0.46584 |         0.157607 |          0.737179 |         0.57257 |             0.648326 |       0.249238 |                0.513903 |     0.521837 |       0.23884 |        0.575696 |    0.499477 |         0.530656 |          0.828762 |        0.784612 |             0.785129 |       0.475246 |                0.652504 |
| mean concavity          |    0.655462 |     0.297071 |       0.694647 |     0.666547 |        0.511041 |         0.866272 |       0.983767 |             0.90113 |      0.493463 |               0.339932 |     0.628988 |     0.0966952 |        0.657382 |   0.610865 |         0.118552 |          0.672107 |        0.694704 |             0.685369 |       0.194481 |                0.459942 |     0.664561 |      0.289229 |        0.705724 |    0.654397 |         0.430419 |          0.731454 |        0.861621 |             0.834777 |       0.390059 |                0.500181 |
| mean concave points     |    0.790467 |     0.283868 |        0.81904 |     0.792867 |        0.545475 |          0.81368 |        0.90113 |            0.973509 |       0.45772 |               0.178548 |     0.686339 |      0.041707 |        0.699176 |   0.674077 |        0.0509473 |          0.493733 |        0.443213 |             0.615926 |        0.11407 |                0.272089 |     0.796297 |      0.278869 |        0.822077 |    0.777547 |         0.437889 |          0.644636 |        0.728514 |              0.87913 |       0.359156 |                0.359759 |
| mean symmetry           |    0.153836 |    0.0765585 |       0.188069 |     0.159757 |        0.539877 |         0.586459 |       0.493463 |             0.45772 |       0.98714 |               0.460597 |     0.322856 |      0.149208 |        0.332392 |   0.241998 |         0.198763 |            0.4184 |        0.342734 |             0.399304 |        0.46004 |                 0.33143 |     0.188382 |      0.087872 |        0.220687 |    0.182301 |         0.398905 |          0.446754 |        0.413258 |             0.414554 |       0.673291 |                0.407568 |
| mean fractal dimension  |   -0.278056 |   -0.0608486 |      -0.229718 |    -0.246776 |        0.561217 |         0.551568 |       0.339932 |            0.178548 |      0.460597 |               0.960039 |    0.0409674 |      0.184447 |       0.0789479 | -0.0483624 |         0.404143 |          0.552402 |        0.444206 |             0.351189 |       0.348854 |                0.677531 |    -0.224393 |    -0.0457284 |       -0.177843 |   -0.199864 |         0.469953 |          0.431866 |        0.330032 |             0.172071 |        0.30114 |                0.723178 |
| radius error            |      0.6451 |     0.260531 |        0.65963 |     0.696189 |        0.324933 |         0.511164 |       0.628988 |            0.686339 |      0.322856 |              0.0409674 |     0.961617 |      0.195924 |        0.936114 |   0.911969 |         0.165089 |          0.364948 |        0.336262 |             0.505183 |       0.239237 |                0.240513 |     0.685196 |      0.188688 |        0.691823 |    0.719341 |         0.175447 |          0.312472 |        0.395544 |             0.533034 |       0.125559 |               0.0925745 |
| texture error           |  -0.0891639 |     0.385451 |     -0.0772265 |   -0.0618067 |        0.096476 |        0.0767208 |      0.0966952 |            0.041707 |      0.149208 |               0.184447 |     0.195924 |      0.966113 |        0.207013 |  0.0978032 |         0.373171 |          0.235981 |        0.194437 |               0.2244 |       0.391017 |                0.274837 |   -0.0982466 |      0.420123 |      -0.0873448 |  -0.0737157 |       -0.0307393 |        -0.0472231 |      -0.0307157 |           -0.0839472 |     -0.0855976 |             -0.00165917 |
| perimeter error         |    0.641385 |     0.266963 |       0.662127 |       0.6916 |        0.318307 |         0.561792 |       0.657382 |            0.699176 |      0.332392 |              0.0789479 |     0.936114 |      0.207013 |        0.965037 |   0.899522 |         0.151951 |          0.424949 |        0.366327 |             0.548603 |       0.265557 |                0.256538 |     0.668287 |      0.194372 |        0.694066 |    0.699601 |         0.161727 |          0.365835 |        0.432869 |             0.556387 |       0.139233 |                0.126299 |
| area error              |    0.697025 |     0.243087 |        0.70797 |      0.75921 |        0.267929 |          0.46584 |       0.610865 |            0.674077 |      0.241998 |             -0.0483624 |     0.911969 |     0.0978032 |        0.899522 |   0.958101 |        0.0794702 |          0.293849 |        0.275177 |             0.407438 |       0.135744 |                0.141775 |     0.722219 |      0.188094 |        0.728049 |    0.774326 |         0.155608 |          0.304101 |        0.395551 |             0.534646 |       0.101607 |               0.0580567 |
| smoothness error        |   -0.201427 |    0.0115573 |      -0.181003 |     -0.14785 |        0.348746 |         0.157607 |       0.118552 |           0.0509473 |      0.198763 |               0.404143 |     0.165089 |      0.373171 |        0.151951 |  0.0794702 |         0.979497 |          0.337438 |        0.267016 |             0.327024 |       0.395867 |                0.418358 |    -0.206408 |    -0.0629851 |       -0.192515 |   -0.160453 |         0.340146 |        -0.0250591 |      -0.0298349 |           -0.0705021 |     -0.0816047 |                0.123841 |
| compactness error       |      0.2134 |     0.195522 |       0.257841 |     0.220526 |        0.314638 |         0.737179 |       0.672107 |            0.493733 |        0.4184 |               0.552402 |     0.364948 |      0.235981 |        0.424949 |   0.293849 |         0.337438 |           1.00006 |        0.802016 |             0.747277 |        0.39594 |                0.802232 |     0.211141 |      0.144471 |        0.266732 |    0.206415 |         0.220712 |          0.674573 |        0.637065 |             0.483549 |       0.271777 |                0.582973 |
| concavity error         |    0.199483 |     0.145312 |       0.233317 |     0.212943 |        0.248454 |          0.57257 |       0.694704 |            0.443213 |      0.342734 |               0.444206 |     0.336262 |      0.194437 |        0.366327 |   0.275177 |         0.267016 |          0.802016 |         1.00128 |             0.773718 |        0.30837 |                 0.72671 |     0.192135 |      0.102078 |        0.231863 |    0.193533 |          0.16844 |          0.486583 |        0.665276 |             0.444177 |       0.198072 |                0.438692 |
| concave points error    |    0.370845 |     0.161009 |       0.402407 |     0.366213 |        0.387994 |         0.648326 |       0.685369 |            0.615926 |      0.399304 |               0.351189 |     0.505183 |        0.2244 |        0.548603 |   0.407438 |         0.327024 |          0.747277 |        0.773718 |             0.999524 |       0.311244 |                0.614021 |     0.353978 |      0.086526 |        0.391413 |    0.337308 |         0.225581 |          0.462133 |        0.556426 |             0.606661 |       0.152742 |                0.322967 |
| symmetry error          |  -0.0884436 |    0.0124311 |     -0.0652227 |    -0.058622 |        0.215298 |         0.249238 |       0.194481 |             0.11407 |       0.46004 |               0.348854 |     0.239237 |      0.391017 |        0.265557 |   0.135744 |         0.395867 |           0.39594 |         0.30837 |             0.311244 |       0.986509 |                0.362275 |    -0.109505 |    -0.0681133 |       -0.084597 |  -0.0939821 |       0.00971715 |         0.0868546 |       0.0614774 |          -0.00425614 |       0.413022 |               0.0986578 |
| fractal dimension error |  -0.0226154 |    0.0615205 |      0.0142193 | -8.55024e-05 |        0.283981 |         0.513903 |       0.459942 |            0.272089 |       0.33143 |               0.677531 |     0.240513 |      0.274837 |        0.256538 |   0.141775 |         0.418358 |          0.802232 |         0.72671 |             0.614021 |       0.362275 |                0.993746 |   -0.0173302 |    0.00393648 |        0.018821 | -0.00296258 |         0.171657 |          0.396574 |        0.388711 |             0.229045 |       0.113162 |                0.588932 |
| worst radius            |    0.920534 |     0.335626 |       0.921348 |     0.914405 |         0.21375 |         0.521837 |       0.664561 |            0.796297 |      0.188382 |              -0.224393 |     0.685196 |    -0.0982466 |        0.668287 |   0.722219 |        -0.206408 |          0.211141 |        0.192135 |             0.353978 |      -0.109505 |              -0.0173302 |     0.950729 |      0.342532 |        0.945432 |    0.935757 |         0.214875 |          0.462113 |        0.554556 |             0.754781 |       0.239143 |                0.102229 |
